drone:
  mass_g: 315
  camera:
    img_width: 1280
    img_height: 720
    offset_x_mm: 70
    camera_hfov: 69
    offset_y_mm: 0
    offset_z_mm: 0
    camera_matrix: [928.43, 0.000000000000000000e+00, 645.9899,
                    0.000000000000000000e+00, 937.3226, 364.8657,
                    0.000000000000000000e+00, 0.000000000000000000e+00, 1.000000000000000000e+00]